# x	y	u	v	mask
  0.2694	  5.0352	  0.0210	 -0.0156	  0.0000
  0.4766	  5.0352	 -0.0171	 -0.0125	  0.0000
  0.6838	  5.0352	  0.0109	 -0.0214	  0.0000
  0.8910	  5.0352	  3.6565	 -3.0909	  0.0000
  1.0982	  5.0352	  2.4958	 -2.4362	  0.0000
  1.3054	  5.0352	  0.3389	  0.6659	  1.0000
  1.5126	  5.0352	  0.0036	 -0.4796	  0.0000
  1.7199	  5.0352	 -2.5507	  2.2623	  0.0000
  1.9271	  5.0352	 -4.1372	 -4.1910	  0.0000
  2.1343	  5.0352	 -0.1154	  0.6994	  1.0000
  2.3415	  5.0352	 -0.6040	  0.9806	  1.0000
  2.5487	  5.0352	 -0.4718	  0.5449	  1.0000
  2.7559	  5.0352	 -0.3297	  0.1666	  1.0000
  2.9631	  5.0352	 -0.5347	  0.3761	  1.0000
  3.1703	  5.0352	 -1.0938	 -2.6550	  0.0000
  3.3775	  5.0352	 -0.1322	 -0.0631	  1.0000
  3.5847	  5.0352	 -2.5288	  6.4387	  0.0000
  3.7920	  5.0352	  0.1542	 -0.3339	  1.0000
  3.9992	  5.0352	  0.2241	 -0.0552	  1.0000
  4.2064	  5.0352	 -4.0623	 -7.7062	  0.0000
  4.4136	  5.0352	  0.2980	  0.1348	  1.0000
  4.6208	  5.0352	  1.0847	  2.0482	  0.0000
  4.8280	  5.0352	  0.1155	  0.3927	  1.0000
  5.0352	  5.0352	 -0.4025	 -2.5058	  0.0000
  0.2694	  4.8280	 -0.0044	 -0.0020	  0.0000
  0.4766	  4.8280	 -0.0698	 -0.0100	  0.0000
  0.6838	  4.8280	  0.0095	 -0.0001	  0.0000
  0.8910	  4.8280	  2.5919	  1.6645	  0.0000
  1.0982	  4.8280	  2.5242	  7.5174	  0.0000
  1.3054	  4.8280	  0.0594	  6.1527	  0.0000
  1.5126	  4.8280	  0.1626	  1.2510	  1.0000
  1.7199	  4.8280	  0.5853	  5.1749	  0.0000
  1.9271	  4.8280	 -0.6594	  1.4477	  1.0000
  2.1343	  4.8280	 -0.4366	  1.0695	  1.0000
  2.3415	  4.8280	 -0.7700	  1.2246	  1.0000
  2.5487	  4.8280	 -0.6702	  0.7657	  1.0000
  2.7559	  4.8280	  0.0531	  6.7684	  0.0000
  2.9631	  4.8280	 -6.8540	 -0.0792	  0.0000
  3.1703	  4.8280	  2.4772	  0.3510	  0.0000
  3.3775	  4.8280	 -0.2415	  0.4128	  1.0000
  3.5847	  4.8280	 -0.2323	  0.3673	  1.0000
  3.7920	  4.8280	  0.1360	  0.3359	  1.0000
  3.9992	  4.8280	  0.5232	  4.7571	  0.0000
  4.2064	  4.8280	  0.6922	  0.7042	  1.0000
  4.4136	  4.8280	  0.4933	  0.5407	  1.0000
  4.6208	  4.8280	  2.0383	  2.7466	  0.0000
  4.8280	  4.8280	  0.4539	  0.7923	  1.0000
  5.0352	  4.8280	 -0.2882	  0.5448	  0.0000
  0.2694	  4.6208	 -0.0052	  0.0041	  0.0000
  0.4766	  4.6208	  0.4272	  0.2221	  1.0000
  0.6838	  4.6208	  0.0382	 -0.0270	  0.0000
  0.8910	  4.6208	  2.3890	 -6.1206	  0.0000
  1.0982	  4.6208	  0.1223	  1.1154	  1.0000
  1.3054	  4.6208	 -7.3320	  6.7313	  0.0000
  1.5126	  4.6208	  6.2138	 -3.5734	  0.0000
  1.7199	  4.6208	 -0.3746	  1.9986	  1.0000
  1.9271	  4.6208	 -0.5867	  2.0057	  1.0000
  2.1343	  4.6208	  1.0048	  2.2796	  0.0000
  2.3415	  4.6208	 -0.6996	  1.8779	  1.0000
  2.5487	  4.6208	 -0.4233	  1.5439	  1.0000
  2.7559	  4.6208	 -0.5271	  1.3378	  1.0000
  2.9631	  4.6208	 -0.5911	  1.4961	  1.0000
  3.1703	  4.6208	 -0.1584	  1.0219	  1.0000
  3.3775	  4.6208	 -2.0228	 -7.8776	  0.0000
  3.5847	  4.6208	 -0.0724	  0.8385	  1.0000
  3.7920	  4.6208	  5.2779	 -8.5044	  0.0000
  3.9992	  4.6208	  0.0855	  0.9415	  1.0000
  4.2064	  4.6208	  0.3462	  1.0308	  1.0000
  4.4136	  4.6208	  0.1706	  0.8864	  1.0000
  4.6208	  4.6208	  0.0468	  1.2057	  1.0000
  4.8280	  4.6208	 -0.4027	  1.3476	  0.0000
  5.0352	  4.6208	 -0.4723	  0.8573	  0.0000
  0.2694	  4.4136	 -0.0045	  0.0026	  0.0000
  0.4766	  4.4136	 -0.0429	  0.0025	  0.0000
  0.6838	  4.4136	  6.1521	 -6.0349	  0.0000
  0.8910	  4.4136	  0.2283	  0.8671	  1.0000
  1.0982	  4.4136	  0.0833	  1.3140	  1.0000
  1.3054	  4.4136	  0.0743	  1.6327	  1.0000
  1.5126	  4.4136	 -2.1030	 -1.6195	  0.0000
  1.7199	  4.4136	 -0.2277	  2.0523	  1.0000
  1.9271	  4.4136	 -0.3499	  2.0711	  1.0000
  2.1343	  4.4136	  3.5470	 -2.4662	  0.0000
  2.3415	  4.4136	 -0.5950	  1.8675	  1.0000
  2.5487	  4.4136	 -0.2792	  1.6015	  1.0000
  2.7559	  4.4136	  2.5735	 -6.0671	  0.0000
  2.9631	  4.4136	 -0.5924	  1.4129	  1.0000
  3.1703	  4.4136	 -0.3170	  1.0978	  1.0000
  3.3775	  4.4136	 -0.2740	  0.9831	  1.0000
  3.5847	  4.4136	  1.9365	 -0.5786	  0.0000
  3.7920	  4.4136	 -0.0083	  0.9153	  1.0000
  3.9992	  4.4136	 -0.1289	  1.0468	  1.0000
  4.2064	  4.4136	  0.0944	  1.2451	  1.0000
  4.4136	  4.4136	  0.0788	  1.1079	  1.0000
  4.6208	  4.4136	 -0.0372	  1.3688	  1.0000
  4.8280	  4.4136	 -0.0140	  1.3050	  1.0000
  5.0352	  4.4136	 -0.0680	  1.3907	  1.0000
  0.2694	  4.2064	  0.0024	  0.0007	  0.0000
  0.4766	  4.2064	 -0.0297	  0.0150	  0.0000
  0.6838	  4.2064	  2.4377	  5.6156	  0.0000
  0.8910	  4.2064	 -0.0531	  1.3094	  1.0000
  1.0982	  4.2064	 -0.7018	  3.7623	  0.0000
  1.3054	  4.2064	 -0.0475	  2.2066	  1.0000
  1.5126	  4.2064	 -2.7709	  5.0328	  0.0000
  1.7199	  4.2064	 -0.2037	  5.6671	  0.0000
  1.9271	  4.2064	 -0.3234	  2.6896	  1.0000
  2.1343	  4.2064	  1.5992	 -2.5552	  0.0000
  2.3415	  4.2064	 -7.9141	 -0.0276	  0.0000
  2.5487	  4.2064	 -2.0068	  4.0807	  0.0000
  2.7559	  4.2064	 -0.4216	  2.1128	  1.0000
  2.9631	  4.2064	 -0.5654	  2.1099	  1.0000
  3.1703	  4.2064	 -0.3408	  1.7543	  1.0000
  3.3775	  4.2064	 -7.7383	  4.2091	  0.0000
  3.5847	  4.2064	  4.7018	  1.9937	  0.0000
  3.7920	  4.2064	 -0.0261	  1.5469	  1.0000
  3.9992	  4.2064	 -0.1942	  1.5747	  1.0000
  4.2064	  4.2064	  3.0354	  6.2273	  0.0000
  4.4136	  4.2064	  0.9737	  3.6720	  0.0000
  4.6208	  4.2064	 -0.1586	  1.9359	  1.0000
  4.8280	  4.2064	  7.2851	 -2.4515	  0.0000
  5.0352	  4.2064	 -2.1163	  1.9776	  0.0000
  0.2694	  3.9992	 -0.0023	  0.0010	  0.0000
  0.4766	  3.9992	 -6.2829	 -2.2385	  0.0000
  0.6838	  3.9992	 -0.5022	  1.1695	  1.0000
  0.8910	  3.9992	 -3.6211	 -0.4232	  0.0000
  1.0982	  3.9992	  0.6968	  3.3604	  0.0000
  1.3054	  3.9992	  0.0361	  0.4642	  0.0000
  1.5126	  3.9992	 -0.1351	  2.1538	  1.0000
  1.7199	  3.9992	 -0.1833	  2.5361	  1.0000
  1.9271	  3.9992	 -0.0378	  6.2315	  0.0000
  2.1343	  3.9992	 -0.1153	  6.0154	  0.0000
  2.3415	  3.9992	 -1.0762	  7.7777	  0.0000
  2.5487	  3.9992	 -0.0456	  8.4019	  0.0000
  2.7559	  3.9992	 -0.3101	  2.2956	  1.0000
  2.9631	  3.9992	 -0.4724	  2.2941	  1.0000
  3.1703	  3.9992	  7.9295	  4.6280	  0.0000
  3.3775	  3.9992	 -0.9648	  7.1923	  0.0000
  3.5847	  3.9992	 -0.2695	  2.0327	  1.0000
  3.7920	  3.9992	 -0.2438	  1.9105	  1.0000
  3.9992	  3.9992	 -0.4526	  1.8148	  1.0000
  4.2064	  3.9992	 -0.2387	  1.8674	  1.0000
  4.4136	  3.9992	 -0.3546	  1.8464	  1.0000
  4.6208	  3.9992	 -0.5239	  1.9750	  1.0000
  4.8280	  3.9992	 -7.2573	  6.5777	  0.0000
  5.0352	  3.9992	 -0.4596	  1.8412	  1.0000
  0.2694	  3.7920	  0.0009	  0.0076	  0.0000
  0.4766	  3.7920	 -0.5792	  1.4168	  1.0000
  0.6838	  3.7920	 -0.5952	  1.5148	  1.0000
  0.8910	  3.7920	 -0.4303	  1.7079	  1.0000
  1.0982	  3.7920	 -2.5132	  2.1150	  0.0000
  1.3054	  3.7920	 -0.2776	  2.3870	  1.0000
  1.5126	  3.7920	  7.3365	  6.8562	  0.0000
  1.7199	  3.7920	 -4.0862	  1.5771	  0.0000
  1.9271	  3.7920	 -0.0507	  2.8141	  1.0000
  2.1343	  3.7920	 -0.4384	  2.0165	  0.0000
  2.3415	  3.7920	  4.6209	 -1.5072	  0.0000
  2.5487	  3.7920	  0.1224	  2.5802	  1.0000
  2.7559	  3.7920	 -0.0808	  2.3416	  1.0000
  2.9631	  3.7920	 -0.2752	  2.3087	  1.0000
  3.1703	  3.7920	 -0.2571	  2.3342	  1.0000
  3.3775	  3.7920	 -1.5419	 -4.7870	  0.0000
  3.5847	  3.7920	 -7.2527	  2.5381	  0.0000
  3.7920	  3.7920	 -0.3037	  2.3660	  1.0000
  3.9992	  3.7920	 -0.5318	  2.2585	  1.0000
  4.2064	  3.7920	 -0.4253	  2.3045	  1.0000
  4.4136	  3.7920	 -0.5239	  2.2394	  1.0000
  4.6208	  3.7920	  0.3794	  2.8618	  0.0000
  4.8280	  3.7920	 -1.5482	  1.1794	  0.0000
  5.0352	  3.7920	 -0.5844	  1.8853	  1.0000
  0.2694	  3.5847	  0.0170	 -0.0029	  0.0000
  0.4766	  3.5847	 -1.0780	  1.7382	  1.0000
  0.6838	  3.5847	 -1.0372	  1.8217	  1.0000
  0.8910	  3.5847	 -0.1097	  4.5886	  0.0000
  1.0982	  3.5847	 -2.1818	  3.1114	  0.0000
  1.3054	  3.5847	 -1.9967	  1.5723	  0.0000
  1.5126	  3.5847	 -0.2776	  2.8737	  1.0000
  1.7199	  3.5847	 -0.0249	  3.0454	  1.0000
  1.9271	  3.5847	 -0.0380	  3.1121	  0.0000
  2.1343	  3.5847	  0.1276	  3.0679	  1.0000
  2.3415	  3.5847	  1.0804	  7.1423	  0.0000
  2.5487	  3.5847	 -4.1252	  6.2300	  0.0000
  2.7559	  3.5847	 -0.0475	  2.6521	  1.0000
  2.9631	  3.5847	  0.4421	  6.6887	  0.0000
  3.1703	  3.5847	 -0.4257	  2.4409	  1.0000
  3.3775	  3.5847	 -0.2456	  7.2797	  0.0000
  3.5847	  3.5847	 -0.4653	  2.4232	  1.0000
  3.7920	  3.5847	 -0.6016	  2.4750	  1.0000
  3.9992	  3.5847	 -0.7972	  2.3867	  1.0000
  4.2064	  3.5847	 -3.9782	  2.5708	  0.0000
  4.4136	  3.5847	 -0.7904	  2.2324	  1.0000
  4.6208	  3.5847	 -0.8030	  2.1480	  1.0000
  4.8280	  3.5847	 -0.6812	  2.1459	  1.0000
  5.0352	  3.5847	 -0.8226	  1.9288	  1.0000
  0.2694	  3.3775	 -0.0006	  0.0030	  0.0000
  0.4766	  3.3775	  1.6261	  4.1174	  0.0000
  0.6838	  3.3775	 -1.2172	  1.8049	  1.0000
  0.8910	  3.3775	 -0.8889	  2.0374	  1.0000
  1.0982	  3.3775	 -2.0549	  2.9508	  0.0000
  1.3054	  3.3775	 -2.0698	  2.5002	  0.0000
  1.5126	  3.3775	  2.4337	  1.6401	  0.0000
  1.7199	  3.3775	  0.5799	  3.4619	  0.0000
  1.9271	  3.3775	  2.5949	  0.0505	  0.0000
  2.1343	  3.3775	  0.5160	  2.8460	  1.0000
  2.3415	  3.3775	  0.4215	  4.1623	  0.0000
  2.5487	  3.3775	 -2.4496	 -0.4924	  0.0000
  2.7559	  3.3775	 -2.4582	 -0.5021	  0.0000
  2.9631	  3.3775	  0.2699	  2.2517	  1.0000
  3.1703	  3.3775	  1.9594	  6.1447	  0.0000
  3.3775	  3.3775	 -0.3899	  2.2374	  1.0000
  3.5847	  3.3775	 -0.4364	  2.1600	  1.0000
  3.7920	  3.3775	  0.0184	  6.0563	  0.0000
  3.9992	  3.3775	 -4.2086	  2.1699	  0.0000
  4.2064	  3.3775	 -1.3056	  2.2751	  1.0000
  4.4136	  3.3775	 -0.7644	  2.4082	  0.0000
  4.6208	  3.3775	 -0.4744	  2.4837	  0.0000
  4.8280	  3.3775	 -0.0733	  1.4397	  0.0000
  5.0352	  3.3775	 -2.4241	  0.5100	  0.0000
  0.2694	  3.1703	 -1.0795	  1.7429	  1.0000
  0.4766	  3.1703	 -1.2363	  1.9574	  1.0000
  0.6838	  3.1703	 -0.5403	  2.9268	  0.0000
  0.8910	  3.1703	 -1.8032	  4.5697	  0.0000
  1.0982	  3.1703	 -2.5240	  1.9199	  0.0000
  1.3054	  3.1703	 -0.6500	  2.8141	  1.0000
  1.5126	  3.1703	 -0.2839	  2.9142	  1.0000
  1.7199	  3.1703	  0.1991	  2.6795	  1.0000
  1.9271	  3.1703	  0.4735	  2.6257	  1.0000
  2.1343	  3.1703	  1.6203	  5.1773	  0.0000
  2.3415	  3.1703	  0.5807	  2.3385	  1.0000
  2.5487	  3.1703	  4.0053	  2.5864	  0.0000
  2.7559	  3.1703	 -2.5642	  4.7064	  0.0000
  2.9631	  3.1703	  0.9801	 -3.1672	  0.0000
  3.1703	  3.1703	 -0.3085	  2.0319	  1.0000
  3.3775	  3.1703	  3.6381	 -7.7975	  0.0000
  3.5847	  3.1703	 -0.6989	  1.9648	  1.0000
  3.7920	  3.1703	 -1.5704	  7.3165	  0.0000
  3.9992	  3.1703	 -1.2139	  2.0147	  1.0000
  4.2064	  3.1703	  4.7532	  2.5952	  0.0000
  4.4136	  3.1703	 -1.7791	  2.6043	  0.0000
  4.6208	  3.1703	 -1.4302	  1.8953	  1.0000
  4.8280	  3.1703	 -0.0050	  1.1007	  0.0000
  5.0352	  3.1703	 -0.5863	  0.0570	  0.0000
  0.2694	  2.9631	 -5.2620	 -5.0702	  0.0000
  0.4766	  2.9631	 -1.4252	  2.1540	  1.0000
  0.6838	  2.9631	 -1.4374	  3.1397	  0.0000
  0.8910	  2.9631	 -1.4854	  3.7580	  0.0000
  1.0982	  2.9631	 -0.9853	  2.8539	  1.0000
  1.3054	  2.9631	 -0.7196	  2.9678	  1.0000
  1.5126	  2.9631	 -0.3108	  3.0537	  1.0000
  1.7199	  2.9631	  0.7261	  2.6236	  0.0000
  1.9271	  2.9631	  1.0275	  3.1500	  0.0000
  2.1343	  2.9631	  0.7708	  2.5803	  1.0000
  2.3415	  2.9631	  6.3668	  5.7091	  0.0000
  2.5487	  2.9631	  0.4811	 -3.0780	  0.0000
  2.7559	  2.9631	  0.5374	  2.1580	  1.0000
  2.9631	  2.9631	  0.2902	  1.9727	  1.0000
  3.1703	  2.9631	 -3.5123	  1.0485	  0.0000
  3.3775	  2.9631	 -0.5163	  1.9644	  1.0000
  3.5847	  2.9631	 -0.6799	  1.9027	  1.0000
  3.7920	  2.9631	 -2.8083	 -3.5563	  0.0000
  3.9992	  2.9631	 -1.2720	  1.9997	  1.0000
  4.2064	  2.9631	 -2.2714	  2.6882	  0.0000
  4.4136	  2.9631	 -2.1231	  2.7698	  0.0000
  4.6208	  2.9631	 -1.5855	  2.5225	  0.0000
  4.8280	  2.9631	 -1.4964	  0.5865	  0.0000
  5.0352	  2.9631	 -1.4809	  0.4795	  0.0000
  0.2694	  2.7559	  0.4595	 -2.4865	  0.0000
  0.4766	  2.7559	 -1.0018	  1.0023	  0.0000
  0.6838	  2.7559	 -1.4957	  2.9923	  0.0000
  0.8910	  2.7559	 -1.1575	  3.9136	  0.0000
  1.0982	  2.7559	 -1.6956	  3.7835	  0.0000
  1.3054	  2.7559	 -0.6340	  2.8433	  1.0000
  1.5126	  2.7559	 -0.6754	  4.0952	  0.0000
  1.7199	  2.7559	  0.9614	  2.7586	  0.0000
  1.9271	  2.7559	  0.6924	  2.4570	  1.0000
  2.1343	  2.7559	  0.9083	  2.3389	  1.0000
  2.3415	  2.7559	  2.5727	 -7.8186	  0.0000
  2.5487	  2.7559	  0.8160	  1.8800	  1.0000
  2.7559	  2.7559	  0.5743	  1.6008	  1.0000
  2.9631	  2.7559	  0.2440	  1.2443	  1.0000
  3.1703	  2.7559	  6.6928	  3.5745	  0.0000
  3.3775	  2.7559	 -0.5749	  1.2888	  1.0000
  3.5847	  2.7559	 -0.7360	  1.2866	  1.0000
  3.7920	  2.7559	 -1.1007	  1.4635	  1.0000
  3.9992	  2.7559	 -2.6247	  2.8078	  0.0000
  4.2064	  2.7559	 -2.1448	 -3.1808	  0.0000
  4.4136	  2.7559	 -2.0451	  3.0378	  0.0000
  4.6208	  2.7559	 -1.7357	  2.4032	  0.0000
  4.8280	  2.7559	 -3.0470	  2.6029	  0.0000
  5.0352	  2.7559	 -3.0582	  2.6009	  0.0000
  0.2694	  2.5487	 -0.8639	  1.8099	  1.0000
  0.4766	  2.5487	 -0.2877	  0.9877	  0.0000
  0.6838	  2.5487	 -5.6909	  2.0325	  0.0000
  0.8910	  2.5487	 -0.9229	  3.2114	  0.0000
  1.0982	  2.5487	 -0.8244	  2.6632	  1.0000
  1.3054	  2.5487	 -7.3165	  0.0468	  0.0000
  1.5126	  2.5487	  2.4670	  2.9692	  0.0000
  1.7199	  2.5487	  0.2179	  2.4443	  1.0000
  1.9271	  2.5487	  0.4088	  5.1103	  0.0000
  2.1343	  2.5487	  0.9441	  2.2568	  1.0000
  2.3415	  2.5487	  0.9935	  2.0414	  1.0000
  2.5487	  2.5487	  1.0529	  7.2769	  0.0000
  2.7559	  2.5487	  0.6033	  1.7547	  1.0000
  2.9631	  2.5487	  0.2333	  1.4033	  1.0000
  3.1703	  2.5487	 -0.3576	  1.4315	  1.0000
  3.3775	  2.5487	 -2.0720	  5.1060	  0.0000
  3.5847	  2.5487	 -0.8341	  1.0234	  1.0000
  3.7920	  2.5487	 -1.2120	  1.1208	  1.0000
  3.9992	  2.5487	 -1.3608	  1.1967	  1.0000
  4.2064	  2.5487	 -2.5824	  3.0247	  0.0000
  4.4136	  2.5487	 -2.5159	  2.2458	  0.0000
  4.6208	  2.5487	 -1.6810	  1.6105	  1.0000
  4.8280	  2.5487	 -1.8058	  1.8721	  1.0000
  5.0352	  2.5487	 -2.9525	 -0.9775	  0.0000
  0.2694	  2.3415	  0.4412	 -0.4413	  0.0000
  0.4766	  2.3415	 -0.9010	  1.9281	  1.0000
  0.6838	  2.3415	 -0.9828	  2.0869	  1.0000
  0.8910	  2.3415	 -1.1387	  3.2842	  0.0000
  1.0982	  2.3415	 -7.7196	  6.6451	  0.0000
  1.3054	  2.3415	  1.0619	  5.1530	  0.0000
  1.5126	  2.3415	 -0.2498	  2.6140	  1.0000
  1.7199	  2.3415	  3.0209	  3.5591	  0.0000
  1.9271	  2.3415	  2.5671	  3.0818	  0.0000
  2.1343	  2.3415	  0.8575	  2.0975	  1.0000
  2.3415	  2.3415	  3.0622	  0.4378	  0.0000
  2.5487	  2.3415	  0.7779	  1.9525	  1.0000
  2.7559	  2.3415	  0.4604	  1.8243	  1.0000
  2.9631	  2.3415	  0.1095	  1.5428	  1.0000
  3.1703	  2.3415	 -0.5077	  1.4986	  1.0000
  3.3775	  2.3415	 -0.7728	  1.1873	  1.0000
  3.5847	  2.3415	 -1.1360	  1.1493	  1.0000
  3.7920	  2.3415	 -1.4769	  1.1389	  1.0000
  3.9992	  2.3415	 -1.6194	  1.2243	  1.0000
  4.2064	  2.3415	 -1.6393	  1.2538	  1.0000
  4.4136	  2.3415	 -2.4539	  3.0671	  0.0000
  4.6208	  2.3415	 -1.8777	  2.8089	  0.0000
  4.8280	  2.3415	 -0.6537	  1.9559	  0.0000
  5.0352	  2.3415	 -2.8868	 -3.7541	  0.0000
  0.2694	  2.1343	 -0.2055	  1.5807	  1.0000
  0.4766	  2.1343	  2.3597	  3.0077	  0.0000
  0.6838	  2.1343	 -0.7751	  1.1578	  0.0000
  0.8910	  2.1343	 -0.4433	  2.0883	  1.0000
  1.0982	  2.1343	 -0.4672	  2.2444	  1.0000
  1.3054	  2.1343	 -0.4353	  2.3017	  1.0000
  1.5126	  2.1343	 -0.0121	  2.2863	  1.0000
  1.7199	  2.1343	  0.2676	  1.9792	  1.0000
  1.9271	  2.1343	  0.6022	  1.9783	  1.0000
  2.1343	  2.1343	  0.8371	  1.9614	  1.0000
  2.3415	  2.1343	  1.5783	  1.6843	  0.0000
  2.5487	  2.1343	 -1.0659	  5.1806	  0.0000
  2.7559	  2.1343	  0.4540	  1.7300	  1.0000
  2.9631	  2.1343	 -0.0972	  1.4140	  1.0000
  3.1703	  2.1343	 -2.6946	 -4.0993	  0.0000
  3.3775	  2.1343	 -0.7789	  1.1656	  1.0000
  3.5847	  2.1343	 -3.5043	 -7.2505	  0.0000
  3.7920	  2.1343	 -1.4574	  0.9697	  1.0000
  3.9992	  2.1343	  3.0375	  0.5253	  0.0000
  4.2064	  2.1343	 -2.7754	  4.7452	  0.0000
  4.4136	  2.1343	 -2.5654	 -1.9667	  0.0000
  4.6208	  2.1343	 -1.8739	  1.3241	  1.0000
  4.8280	  2.1343	 -0.5660	  2.5107	  0.0000
  5.0352	  2.1343	 -2.6686	  8.7556	  0.0000
  0.2694	  1.9271	 -0.0681	  1.4517	  1.0000
  0.4766	  1.9271	  2.5306	  2.6268	  0.0000
  0.6838	  1.9271	  0.3369	  0.9862	  0.0000
  0.8910	  1.9271	  0.3734	  2.3902	  0.0000
  1.0982	  1.9271	 -0.4140	  3.7323	  0.0000
  1.3054	  1.9271	 -0.9806	  4.4704	  0.0000
  1.5126	  1.9271	 -0.0286	  2.0027	  1.0000
  1.7199	  1.9271	 -2.5298	 -4.0529	  0.0000
  1.9271	  1.9271	  1.4547	 -2.4024	  0.0000
  2.1343	  1.9271	  0.8042	  2.0483	  1.0000
  2.3415	  1.9271	  0.7899	  2.1169	  1.0000
  2.5487	  1.9271	  0.6185	  2.1211	  1.0000
  2.7559	  1.9271	  0.3496	  2.0813	  1.0000
  2.9631	  1.9271	 -0.8563	  7.3835	  0.0000
  3.1703	  1.9271	 -3.2931	  4.5194	  0.0000
  3.3775	  1.9271	 -0.7796	  1.3232	  1.0000
  3.5847	  1.9271	 -1.2513	  1.3377	  1.0000
  3.7920	  1.9271	 -1.5640	  0.9991	  1.0000
  3.9992	  1.9271	 -1.4636	 -7.8128	  0.0000
  4.2064	  1.9271	  1.1452	  3.1461	  0.0000
  4.4136	  1.9271	 -2.8904	  3.5346	  0.0000
  4.6208	  1.9271	 -1.7448	  1.2828	  1.0000
  4.8280	  1.9271	 -0.4389	  2.4061	  0.0000
  5.0352	  1.9271	 -7.2310	  1.9562	  0.0000
  0.2694	  1.7199	  0.0006	  0.0036	  0.0000
  0.4766	  1.7199	 -0.0193	  1.4712	  1.0000
  0.6838	  1.7199	  0.1901	  0.8809	  0.0000
  0.8910	  1.7199	  0.1637	  1.5794	  0.0000
  1.0982	  1.7199	 -0.1120	  1.8056	  1.0000
  1.3054	  1.7199	 -0.1379	  1.7853	  1.0000
  1.5126	  1.7199	  0.0735	  1.8468	  1.0000
  1.7199	  1.7199	 -3.5277	  1.6157	  0.0000
  1.9271	  1.7199	  0.7425	  5.2688	  0.0000
  2.1343	  1.7199	  0.4460	  1.6717	  1.0000
  2.3415	  1.7199	  0.5349	  1.7856	  1.0000
  2.5487	  1.7199	  0.4246	  1.7897	  1.0000
  2.7559	  1.7199	  0.1779	  1.7601	  1.0000
  2.9631	  1.7199	 -0.3165	  1.5299	  1.0000
  3.1703	  1.7199	 -0.6408	  1.5114	  1.0000
  3.3775	  1.7199	 -0.7886	  1.3437	  1.0000
  3.5847	  1.7199	 -1.1789	  1.3101	  1.0000
  3.7920	  1.7199	 -2.7184	  3.1572	  0.0000
  3.9992	  1.7199	 -2.5848	  2.7741	  0.0000
  4.2064	  1.7199	 -1.5526	  1.0714	  1.0000
  4.4136	  1.7199	 -1.5274	  1.2604	  1.0000
  4.6208	  1.7199	 -1.5809	  1.1984	  1.0000
  4.8280	  1.7199	 -0.5829	  1.6426	  0.0000
  5.0352	  1.7199	  0.0411	  0.0000	  0.0000
  0.2694	  1.5126	 -0.0043	 -0.0030	  0.0000
  0.4766	  1.5126	  2.5382	  2.4084	  0.0000
  0.6838	  1.5126	  0.4767	  1.3268	  0.0000
  0.8910	  1.5126	  0.2724	  1.3837	  1.0000
  1.0982	  1.5126	 -0.4518	  2.1862	  0.0000
  1.3054	  1.5126	  2.6424	 -2.0752	  0.0000
  1.5126	  1.5126	  1.5034	  3.1364	  0.0000
  1.7199	  1.5126	  0.2730	  1.6406	  1.0000
  1.9271	  1.5126	  0.1513	  1.5345	  1.0000
  2.1343	  1.5126	  6.0590	 -0.9944	  0.0000
  2.3415	  1.5126	  0.2729	  1.7549	  1.0000
  2.5487	  1.5126	  0.1384	  1.8415	  1.0000
  2.7559	  1.5126	 -0.0464	  1.8756	  1.0000
  2.9631	  1.5126	 -0.4452	  1.6628	  1.0000
  3.1703	  1.5126	 -0.6993	  1.6208	  1.0000
  3.3775	  1.5126	 -0.7873	  1.5036	  1.0000
  3.5847	  1.5126	 -5.2912	 -3.0708	  0.0000
  3.7920	  1.5126	  3.1823	  2.9271	  0.0000
  3.9992	  1.5126	 -3.6351	  2.1454	  0.0000
  4.2064	  1.5126	 -2.6635	  1.5764	  0.0000
  4.4136	  1.5126	 -2.5454	 -4.6742	  0.0000
  4.6208	  1.5126	 -1.3734	  1.1551	  1.0000
  4.8280	  1.5126	 -1.4015	  1.3082	  1.0000
  5.0352	  1.5126	  0.0465	  0.0073	  0.0000
  0.2694	  1.3054	 -0.0114	 -0.0157	  0.0000
  0.4766	  1.3054	  0.3060	  0.9315	  1.0000
  0.6838	  1.3054	 -0.0021	 -0.0018	  0.0000
  0.8910	  1.3054	  0.3013	  1.1709	  1.0000
  1.0982	  1.3054	  0.2102	  1.2998	  1.0000
  1.3054	  1.3054	  0.1282	  1.3387	  1.0000
  1.5126	  1.3054	 -2.5473	  1.9539	  0.0000
  1.7199	  1.3054	  0.3336	  1.6010	  1.0000
  1.9271	  1.3054	  0.1454	  1.5387	  1.0000
  2.1343	  1.3054	  0.0876	  1.6452	  1.0000
  2.3415	  1.3054	  0.1316	  1.7655	  1.0000
  2.5487	  1.3054	  0.0026	  1.9638	  1.0000
  2.7559	  1.3054	  7.2648	  2.0335	  0.0000
  2.9631	  1.3054	  1.1398	  8.2137	  0.0000
  3.1703	  1.3054	 -0.7479	  1.9856	  1.0000
  3.3775	  1.3054	 -0.8657	  1.9149	  1.0000
  3.5847	  1.3054	 -1.0111	  1.8511	  1.0000
  3.7920	  1.3054	 -1.3157	  1.5329	  1.0000
  3.9992	  1.3054	 -1.3225	  1.2591	  1.0000
  4.2064	  1.3054	 -1.2906	  1.2191	  1.0000
  4.4136	  1.3054	 -1.2955	  1.1244	  1.0000
  4.6208	  1.3054	 -2.1695	  0.7409	  0.0000
  4.8280	  1.3054	 -2.6427	  5.1329	  0.0000
  5.0352	  1.3054	 -0.4147	  0.1162	  0.0000
  0.2694	  1.0982	 -0.0032	 -0.0074	  0.0000
  0.4766	  1.0982	 -0.0362	 -0.0011	  0.0000
  0.6838	  1.0982	 -0.0051	 -0.0051	  0.0000
  0.8910	  1.0982	  0.0186	 -0.0443	  0.0000
  1.0982	  1.0982	  2.6655	  1.0332	  0.0000
  1.3054	  1.0982	  0.2767	  1.5249	  1.0000
  1.5126	  1.0982	  0.4232	  1.6530	  1.0000
  1.7199	  1.0982	 -3.6165	  2.6519	  0.0000
  1.9271	  1.0982	  0.0633	  1.7362	  1.0000
  2.1343	  1.0982	 -0.1648	  1.9057	  1.0000
  2.3415	  1.0982	 -0.2067	  1.8498	  1.0000
  2.5487	  1.0982	 -5.4016	 -7.7910	  0.0000
  2.7559	  1.0982	 -1.8279	  2.1827	  0.0000
  2.9631	  1.0982	  4.0968	  1.9342	  0.0000
  3.1703	  1.0982	 -1.0607	  1.6947	  1.0000
  3.3775	  1.0982	 -1.0987	  1.8871	  1.0000
  3.5847	  1.0982	 -1.1550	  1.8174	  1.0000
  3.7920	  1.0982	 -1.3724	  1.5977	  1.0000
  3.9992	  1.0982	 -1.3633	  1.4092	  1.0000
  4.2064	  1.0982	 -1.2352	  1.4619	  1.0000
  4.4136	  1.0982	 -0.5831	  1.6031	  0.0000
  4.6208	  1.0982	 -1.1237	  1.2116	  1.0000
  4.8280	  1.0982	 -0.6474	  0.2878	  0.0000
  5.0352	  1.0982	 -0.4879	  0.2909	  0.0000
  0.2694	  0.8910	  0.0076	 -0.0208	  0.0000
  0.4766	  0.8910	  0.2157	  0.7380	  1.0000
  0.6838	  0.8910	  0.2911	  0.7850	  1.0000
  0.8910	  0.8910	  0.3589	  1.0318	  1.0000
  1.0982	  0.8910	  0.4609	  1.3697	  1.0000
  1.3054	  0.8910	  0.3780	  1.5184	  1.0000
  1.5126	  0.8910	  0.5379	  1.6556	  1.0000
  1.7199	  0.8910	  3.3589	  2.6137	  0.0000
  1.9271	  0.8910	 -0.0594	  1.7931	  1.0000
  2.1343	  0.8910	 -0.3845	  1.9663	  1.0000
  2.3415	  0.8910	 -0.5193	  1.9206	  1.0000
  2.5487	  0.8910	 -0.8848	  1.8780	  1.0000
  2.7559	  0.8910	 -1.0968	  1.8096	  1.0000
  2.9631	  0.8910	 -1.3851	  1.7772	  1.0000
  3.1703	  0.8910	 -2.0391	  4.7025	  0.0000
  3.3775	  0.8910	 -1.2779	  1.9790	  1.0000
  3.5847	  0.8910	  1.4770	  1.9878	  0.0000
  3.7920	  0.8910	 -1.4040	  1.7272	  1.0000
  3.9992	  0.8910	 -0.6193	  3.5226	  0.0000
  4.2064	  0.8910	 -1.1105	  1.7904	  1.0000
  4.4136	  0.8910	 -0.9896	  1.6520	  1.0000
  4.6208	  0.8910	 -2.2381	 -3.4686	  0.0000
  4.8280	  0.8910	  2.3938	  0.5532	  0.0000
  5.0352	  0.8910	 -0.4890	  0.5275	  0.0000
  0.2694	  0.6838	 -0.0294	  0.0480	  0.0000
  0.4766	  0.6838	 -0.2601	  0.0252	  0.0000
  0.6838	  0.6838	 -0.0859	  0.4037	  0.0000
  0.8910	  0.6838	  0.0132	  0.3491	  0.0000
  1.0982	  0.6838	  0.2931	  0.2950	  0.0000
  1.3054	  0.6838	  0.3261	  1.5812	  1.0000
  1.5126	  0.6838	  0.3797	  1.7964	  1.0000
  1.7199	  0.6838	  0.2165	  1.9594	  1.0000
  1.9271	  0.6838	 -0.3374	  1.9504	  1.0000
  2.1343	  0.6838	  4.6267	  2.2553	  0.0000
  2.3415	  0.6838	 -0.7634	  2.0450	  1.0000
  2.5487	  0.6838	 -3.4735	  5.3067	  0.0000
  2.7559	  0.6838	 -6.6769	  2.3924	  0.0000
  2.9631	  0.6838	  2.6545	 -0.4050	  0.0000
  3.1703	  0.6838	 -1.6014	  1.8730	  1.0000
  3.3775	  0.6838	 -1.3103	  2.1127	  1.0000
  3.5847	  0.6838	 -1.2262	  2.0894	  1.0000
  3.7920	  0.6838	 -1.3452	  1.9722	  1.0000
  3.9992	  0.6838	 -0.8309	  2.9293	  0.0000
  4.2064	  0.6838	 -0.9693	  2.0560	  1.0000
  4.4136	  0.6838	 -1.6003	  0.5464	  0.0000
  4.6208	  0.6838	 -0.8487	  1.8164	  1.0000
  4.8280	  0.6838	 -0.6281	 -0.2617	  0.0000
  5.0352	  0.6838	 -0.6287	  1.5490	  1.0000
  0.2694	  0.4766	 -0.0459	  0.1434	  0.0000
  0.4766	  0.4766	 -0.0381	  0.3310	  0.0000
  0.6838	  0.4766	 -0.0806	  0.4562	  0.0000
  0.8910	  0.4766	  2.0857	  2.5644	  0.0000
  1.0982	  0.4766	 -0.0285	  0.9702	  0.0000
  1.3054	  0.4766	  0.2934	  1.4956	  0.0000
  1.5126	  0.4766	  1.9829	  4.5854	  0.0000
  1.7199	  0.4766	  1.7580	  4.4145	  0.0000
  1.9271	  0.4766	 -0.3510	  2.0437	  1.0000
  2.1343	  0.4766	 -0.9451	  2.1430	  1.0000
  2.3415	  0.4766	 -1.1749	  1.9539	  1.0000
  2.5487	  0.4766	 -1.6144	  1.8631	  1.0000
  2.7559	  0.4766	 -6.1458	  3.4526	  0.0000
  2.9631	  0.4766	 -1.9514	  1.6862	  1.0000
  3.1703	  0.4766	 -2.0629	  1.6493	  1.0000
  3.3775	  0.4766	 -5.7202	 -4.1744	  0.0000
  3.5847	  0.4766	 -1.3174	  1.9871	  1.0000
  3.7920	  0.4766	 -1.3923	  2.0543	  1.0000
  3.9992	  0.4766	 -1.0485	  3.6494	  0.0000
  4.2064	  0.4766	 -1.5572	  2.9696	  0.0000
  4.4136	  0.4766	 -0.8374	  1.9022	  1.0000
  4.6208	  0.4766	 -0.7106	  1.8952	  1.0000
  4.8280	  0.4766	 -0.6141	  1.6755	  1.0000
  5.0352	  0.4766	 -0.4314	  1.5125	  1.0000
  0.2694	  0.2694	 -0.0278	  0.1419	  0.0000
  0.4766	  0.2694	  0.0588	  0.7363	  1.0000
  0.6838	  0.2694	 -2.1449	  2.6490	  0.0000
  0.8910	  0.2694	  0.2993	  1.1392	  1.0000
  1.0982	  0.2694	  0.0688	  1.1032	  0.0000
  1.3054	  0.2694	  0.5271	  1.7916	  1.0000
  1.5126	  0.2694	  1.5172	  2.5673	  0.0000
  1.7199	  0.2694	  0.3890	  2.1379	  1.0000
  1.9271	  0.2694	 -0.1608	  2.3990	  1.0000
  2.1343	  0.2694	 -0.8265	  2.5013	  1.0000
  2.3415	  0.2694	 -1.2279	  2.2598	  1.0000
  2.5487	  0.2694	 -8.2838	  2.1778	  0.0000
  2.7559	  0.2694	 -2.1475	  1.9748	  1.0000
  2.9631	  0.2694	 -2.2089	  1.9482	  1.0000
  3.1703	  0.2694	 -2.2817	  1.9302	  1.0000
  3.3775	  0.2694	 -1.9072	  2.0379	  1.0000
  3.5847	  0.2694	 -1.4957	  2.0750	  1.0000
  3.7920	  0.2694	 -1.4223	  2.1708	  1.0000
  3.9992	  0.2694	 -1.6353	  3.9777	  0.0000
  4.2064	  0.2694	 -2.0039	  3.0876	  0.0000
  4.4136	  0.2694	 -0.7675	  2.1356	  1.0000
  4.6208	  0.2694	  4.3867	  8.3359	  0.0000
  4.8280	  0.2694	 -3.0436	  6.2163	  0.0000
  5.0352	  0.2694	  0.2353	  0.0204	  0.0000
